-20         -0.7683     0.2497      0.04945     
-19         -0.7562     0.2068      0.03382     
-18         -0.7453     0.1677      0.01985     
-17         -0.7361     0.1347      0.008657    
-16         -0.7269     0.1084      0.0004736   
-15         -0.7157     0.0886      -0.004764   
-14         -0.7009     0.07401     -0.00761    
-13         -0.6814     0.06323     -0.008704   
-12         -0.6569     0.05492     -0.008667   
-11         -0.628      0.04799     -0.008056   
-10         -0.5956     0.0418      -0.00728    
-9          -0.5602     0.03597     -0.006671   
-8          -0.5216     0.03042     -0.006437   
-7          -0.4792     0.02515     -0.006735   
-6          -0.4321     0.02029     -0.007622   
-5          -0.3788     0.01599     -0.009161   
-4          -0.3166     0.01235     -0.01149    
-3          -0.2434     0.009439    -0.01462    
-2          -0.1598     0.00729     -0.01813    
-1          -0.06743    0.005899    -0.02159    
0           0.03141     0.005172    -0.02473    
1           0.1342      0.004997    -0.02732    
2           0.2382      0.005253    -0.02926    
3           0.3407      0.005838    -0.03047    
4           0.4383      0.006772    -0.03095    
5           0.5275      0.008128    -0.03072    
6           0.6058      0.01005     -0.02996    
7           0.6712      0.01269     -0.02882    
8           0.7241      0.01621     -0.0275     
9           0.7652      0.0208      -0.0262     
10          0.7956      0.02696     -0.02542    
11          0.8159      0.03526     -0.02573    
12          0.8247      0.04635     -0.02762    
13          0.8201      0.06122     -0.03169    
14          0.8032      0.08097     -0.03848    
15          0.7796      0.1063      -0.0482     
16          0.7585      0.1364      -0.06005    
17          0.747       0.1697      -0.07274    
18          0.7469      0.2045      -0.08522    
19          0.7561      0.2399      -0.09685    
20          0.7701      0.2752      -0.1072     
21          0.7853      0.3101      -0.1163     
22          0.7999      0.3445      -0.1244     
23          0.8128      0.3787      -0.1318     
24          0.8262      0.4135      -0.1395     
25          0.843       0.4504      -0.1483     
26          0.8664      0.4907      -0.1587     
27          0.8989      0.5353      -0.1714     
28          0.9384      0.5833      -0.1857     
29          0.9814      0.6332      -0.2008     
30          1.024       0.6836      -0.2161     
31          1.065       0.7334      -0.231      
32          1.102       0.7823      -0.2452     
33          1.134       0.8302      -0.2588     
34          1.163       0.8772      -0.2718     
35          1.188       0.9232      -0.2841     
36          1.21        0.9686      -0.2959     
37          1.23        1.014       -0.3074     
38          1.249       1.058       -0.3186     
39          1.268       1.103       -0.3299     
40          1.288       1.148       -0.3413     
