-20         -0.7717     0.2693      0.05825     
-19         -0.7461     0.2031      0.03226     
-18         -0.7296     0.1493      0.01175     
-17         -0.7257     0.1144      -0.0004321  
-16         -0.7265     0.09367     -0.006233   
-15         -0.7238     0.08171     -0.008099   
-14         -0.713      0.07408     -0.008012   
-13         -0.6918     0.06757     -0.007405   
-12         -0.6617     0.06096     -0.006679   
-11         -0.6254     0.05371     -0.006042   
-10         -0.5874     0.04621     -0.005589   
-9          -0.55       0.03887     -0.005415   
-8          -0.5112     0.0319      -0.005651   
-7          -0.4698     0.02552     -0.006266   
-6          -0.4292     0.01994     -0.006733   
-5          -0.3895     0.01531     -0.007024   
-4          -0.3377     0.01152     -0.008872   
-3          -0.2638     0.008506    -0.01335    
-2          -0.1739     0.006429    -0.01864    
-1          -0.07557    0.005397    -0.02294    
0           0.02654     0.005235    -0.02621    
1           0.1298      0.005677    -0.02866    
2           0.2353      0.006338    -0.03041    
3           0.3435      0.006904    -0.03151    
4           0.4492      0.007553    -0.03187    
5           0.5451      0.008656    -0.03147    
6           0.6247      0.01075     -0.03079    
7           0.6833      0.01424     -0.03032    
8           0.7245      0.01865     -0.02954    
9           0.7551      0.02341     -0.02786    
10          0.7839      0.02933     -0.02628    
11          0.8175      0.03723     -0.02593    
12          0.8453      0.04593     -0.02632    
13          0.8506      0.05645     -0.02793    
14          0.8215      0.07279     -0.03306    
15          0.7693      0.1002      -0.0448     
16          0.7264      0.1357      -0.06034    
17          0.7146      0.1722      -0.075      
18          0.729       0.2077      -0.08799    
19          0.7593      0.2434      -0.1001     
20          0.7905      0.2799      -0.1109     
21          0.8157      0.3171      -0.1202     
22          0.8305      0.3523      -0.1275     
23          0.8318      0.3831      -0.1326     
24          0.8251      0.4112      -0.1367     
25          0.82        0.4402      -0.1418     
26          0.8316      0.4763      -0.1509     
27          0.8725      0.5248      -0.1662     
28          0.9311      0.581       -0.1849     
29          0.9903      0.6377      -0.2033     
30          1.042       0.6912      -0.2199     
31          1.081       0.7397      -0.2342     
32          1.113       0.7858      -0.2471     
33          1.142       0.8323      -0.26       
34          1.168       0.8787      -0.2726     
35          1.191       0.9238      -0.2847     
36          1.21        0.968       -0.2961     
37          1.226       1.012       -0.3068     
38          1.241       1.057       -0.3172     
39          1.256       1.101       -0.3276     
40          1.272       1.145       -0.3384     
